$ 1 0.000005 382.76258214399064 55 5 50 5e-11
c 496 128 240 128 0 1e-12 4.440892098500626e-16 0.001
w 496 192 496 128 0
w 480 192 496 192 0
w 368 208 368 256 0
a 368 192 480 192 9 5 0 1000000 2.5000000000000004 2.5000000000000004 100000
w 320 176 368 176 0
c 320 176 320 256 0 1e-12 4.440892098500626e-16 0.001
w 240 128 240 176 0
r 240 176 320 176 0 1e-9
r 160 176 240 176 0 1e-9
207 496 192 544 192 4 PASSEBAS
w 496 192 496 256 0
w 368 256 496 256 0
207 160 400 112 400 4 PREAM
w 368 480 496 480 0
w 496 416 496 480 0
207 496 416 544 416 4 PASSEHAUT
w 240 352 240 400 0
w 320 400 368 400 0
a 368 416 480 416 9 5 0 1000000 2.5000000000000004 2.500000000000001 100000
w 368 432 368 480 0
w 480 416 496 416 0
w 496 416 496 352 0
r 240 352 496 352 0 1e-9
r 320 480 320 400 0 1e-9
c 240 400 160 400 0 1e-12 8.881784197001252e-16 0.001
c 320 400 240 400 0 1e-12 0 0.001
207 -144 624 -192 624 4 PREAM
w 528 656 528 720 0
207 528 656 576 656 4 PASSEBANDE1
w 528 656 528 592 0
w 528 896 528 832 0
207 528 896 576 896 4 PASSEBANDE2
w 528 896 528 960 0
207 -144 864 -192 864 4 PREAM
a 384 -128 464 -128 8 5 0 1000000 2.5 2.5 100000
w 464 -128 496 -128 0
w 496 -128 496 -208 0
w 496 -208 352 -208 0
w 352 -208 352 -144 0
w 352 -144 384 -144 0
w 384 -112 272 -112 0
r 272 -112 272 -192 0 1e-9
r 272 -112 272 -32 0 1e-9
g 272 -32 272 0 0 0
207 272 -192 272 -224 4 Vdd
207 496 -128 544 -128 4 BIAS
a 880 -128 960 -128 8 5 0 1000000 2.5000000000000004 2.5 100000
w 960 -128 992 -128 0
w 992 -128 992 -208 0
r 992 -208 832 -208 0 1e-9
w 832 -208 832 -144 0
w 832 -144 880 -144 0
w 880 -112 832 -112 0
w 832 -112 832 -96 0
207 832 -96 832 -48 4 BIAS
r 832 -144 752 -144 0 1e-9
c 752 -144 704 -144 0 1e-12 1.5041585391255348 0.001
207 704 -144 656 -144 4 ENTREE
207 992 -128 1056 -128 4 PREAM
207 160 176 96 176 4 PREAM
207 -272 192 -160 192 4 ENTREE
R -336 288 -432 288 0 0 40 5 0 0 0.5
207 -336 288 -144 288 4 Vdd
r -144 624 -64 624 0 1e-9
r -64 624 16 624 0 1e-9
w -64 576 -64 624 0
c 16 624 16 704 0 1e-12 8.881784197001252e-16 0.001
w 16 624 64 624 0
a 64 640 176 640 9 5 0 1000000 2.4999999999999996 2.500000000000001 100000
w 64 656 64 704 0
w 176 640 192 640 0
c 192 576 -64 576 0 1e-8 -8.881784197001252e-16 0
w 192 576 192 640 0
w 192 704 192 640 0
c 352 640 272 640 0 1e-12 -4.440892098500626e-16 0.001
c 272 640 192 640 0 1e-12 1.7763568394002505e-15 0.001
r 352 720 352 640 0 1e-9
r 272 592 528 592 0 1e-9
w 512 656 528 656 0
w 400 672 400 720 0
a 400 656 512 656 9 5 0 1000000 2.500000000000001 2.500000000000001 100000
w 352 640 400 640 0
w 272 592 272 640 0
w 272 832 272 880 0
w 352 880 400 880 0
a 400 896 512 896 9 5 0 1000000 2.500000000000001 2.500000000000001 100000
w 400 912 400 960 0
w 512 896 528 896 0
r 272 832 528 832 0 1e-9
r 352 960 352 880 0 1e-9
c 272 880 192 880 0 1e-12 -4.440892098500626e-16 0.001
c 352 880 272 880 0 1e-12 -1.3322676295501878e-15 0.001
w 192 944 192 880 0
w 192 816 192 880 0
c 192 816 -64 816 0 1e-12 1.3322676295501878e-15 0.001
w 176 880 192 880 0
w 64 896 64 944 0
a 64 880 176 880 9 5 0 1000000 2.5000000000000013 2.5000000000000013 100000
w 16 864 64 864 0
c 16 864 16 944 0 1e-12 1.3322676295501878e-15 0.001
w -64 816 -64 864 0
r -64 864 16 864 0 1e-9
r -144 864 -64 864 0 1e-9
207 1536 368 1616 368 4 ADC1
g 1280 496 1280 528 0 0
w 1424 368 1536 368 0
w 1280 368 1424 368 0
r 1280 368 1280 496 0 1e-9
d 1184 368 1280 368 2 1N4148
207 1184 368 1120 368 4 PASSEBAS
209 1424 368 1424 512 0 1e-12 2.336681899950458e-9 1 1
g 1424 512 1424 528 0 0
207 320 256 320 288 4 BIAS
207 320 480 320 512 4 BIAS
g 1424 752 1424 768 0 0
209 1424 608 1424 752 0 1e-12 2.336681899950458e-9 1 1
207 1184 608 1120 608 4 PASSEHAUT
d 1184 608 1280 608 2 1N4148
r 1280 608 1280 736 0 1e-9
w 1280 608 1424 608 0
w 1424 608 1536 608 0
g 1280 736 1280 768 0 0
207 1536 608 1616 608 4 ADC2
207 1536 864 1616 864 4 ADC3
g 1280 992 1280 1024 0 0
w 1424 864 1536 864 0
w 1280 864 1424 864 0
r 1280 864 1280 992 0 1e-9
d 1184 864 1280 864 2 1N4148
207 1184 864 1120 864 4 PASSEBANDE1
209 1424 864 1424 1008 0 1e-12 2.3366818999504577e-9 1 1
g 1424 1008 1424 1024 0 0
g 1424 1248 1424 1264 0 0
209 1424 1104 1424 1248 0 1e-12 -5.548104952865241e-9 1 1
207 1184 1104 1120 1104 4 PASSEBANDE2
d 1184 1104 1280 1104 2 1N4148
r 1280 1104 1280 1232 0 1e-9
w 1280 1104 1424 1104 0
w 1424 1104 1536 1104 0
g 1280 1232 1280 1264 0 0
207 1536 1104 1616 1104 4 ADC4
r 64 704 64 768 0 1e-9
r 64 704 192 704 0 1e-9
w 16 704 16 768 0
w 64 768 16 768 0
w 16 768 -16 768 0
207 -16 768 -48 768 4 BIAS
207 320 784 288 784 4 BIAS
w 352 784 320 784 0
w 400 784 352 784 0
w 352 720 352 784 0
r 400 720 400 784 0 1e-9
r 400 720 528 720 0 1e-9
207 -16 1008 -48 1008 4 BIAS
w 16 1008 -16 1008 0
w 64 1008 16 1008 0
w 16 944 16 1008 0
r 64 944 192 944 0 1e-9
r 64 944 64 1008 0 1e-9
170 -272 192 -336 192 3 50 10000 1 1
r 400 960 400 1024 0 1e-9
r 400 960 528 960 0 1e-9
w 352 960 352 1024 0
w 400 1024 352 1024 0
w 352 1024 320 1024 0
207 320 1024 288 1024 4 BIAS
